%command line

>> A1 = [1 1 1; 1 1 1];
>> A2 = [2 2 2; 2 2 2];
>> A3 = [3 3 3; 3 3 3];
>> [A1 A2 A3]

ans =

     1     1     1     2     2     2     3     3     3
     1     1     1     2     2     2     3     3     3

>> format compact
>> [A1;A2;A3]
ans =
     1     1     1
     1     1     1
     2     2     2
     2     2     2
     3     3     3
     3     3     3
     
     >> B1 = [1;1]
B1 =
     1
     1
>> B2 = [2 2;2 2]
B2 =
     2     2
     2     2
>> B3 = [3 3 3;3 3 3]
B3 =
     3     3     3
     3     3     3
>> [B1 B2]
ans =
     1     2     2
     1     2     2
     
%Prime function
>> H = [1 2 3;4 5 6]
H =
     1     2     3
     4     5     6
>> G = H'
G =
     1     4
     2     5
     3     6
     
(1:2:5)'
